Temperature (T),Ca,Cb,Cc
282.23323638077846,0.9936625015244944,1.9873250030489888,0.0190124954265165
254.32744224841804,0.9933827825561048,1.9867655651122096,0.0198516523316857
287.97087621111643,0.9930916902123786,1.9861833804247573,0.0207249293628641
273.4720240083435,0.9927888159083628,1.9855776318167253,0.0216335522749116
275.58052255992936,0.9924737395855662,1.9849474791711323,0.0225787812433015
262.23943930179104,0.9921460295994048,1.9842920591988091,0.0235619112017859
282.8021807157605,0.9918052426218776,1.9836104852437555,0.0245842721343669
266.5930778539306,0.9914509235608888,1.9829018471217776,0.0256472293173332
279.89878415091715,0.991082605497686,1.982165210995372,0.0267521835069422
277.6384240021194,0.990699809643944,1.981399619287888,0.0279005710681684
292.06993232962486,0.9903020453200774,1.9806040906401547,0.0290938640397678
296.1644886133736,0.9898888099564124,1.979777619912825,0.0303335701307623
276.82210421804217,0.9894595891188996,1.978919178237799,0.0316212326433016
283.34884946090017,0.9890138565610872,1.9780277131221744,0.0329584303167387
288.67490322713974,0.9885510743041231,1.9771021486082463,0.0343467770876302
271.8443107016501,0.988070692746571,1.976141385493142,0.035787921760287
275.32168809591286,0.9875721508058602,1.9751443016117205,0.0372835475824192
314.1160408529131,0.98705487609321,1.97410975218642,0.0388353717203698
279.8043662806458,0.9865182851238662,1.9730365702477324,0.0404451446284013
268.6825543700032,0.9859617835645004,1.971923567129001,0.0421146493064985
280.9792556978608,0.9853847665196002,1.9707695330392003,0.0438457004411994
289.44359269396574,0.9847866188586768,1.9695732377173532,0.04564014342397
285.88852629700807,0.9841667155860372,1.9683334311720744,0.0474998532418882
305.4549643923633,0.983524422254889,1.967048844509778,0.0494267332353331
289.51772181576325,0.9828590954274176,1.9657181908548351,0.0514227137177473
286.0164116662232,0.9821700831824376,1.9643401663648756,0.0534897504526867
284.04683088338516,0.9814567256721148,1.9629134513442292,0.0556298229836557
283.1625548226475,0.9807183557291412,1.9614367114582825,0.0578449328125762
292.78680521886304,0.9799542995256306,1.9599085990512608,0.060137101423108
295.6696899409892,0.9791638772848348,1.9583277545696691,0.0625083681454958
310.2402474347261,0.97834640404664,1.95669280809328,0.0649607878600798
286.39026844727084,0.9775011904875974,1.9550023809751949,0.0674964285372074
276.6821876986943,0.976627543796051,1.953255087592102,0.070117368611847
292.0460761079291,0.9757247686026947,1.9514495372053895,0.0728256941919156
301.183515499603,0.9747921679666538,1.949584335933308,0.0756234961000388
315.1868193343752,0.9738290444169168,1.9476580888338335,0.0785128667492493
293.220864181906,0.9728347010486712,1.9456694020973424,0.081495896853986
321.71348085049476,0.971808442673785,1.94361688534757,0.0845746719786448
263.02915225840206,0.9707495770243794,1.9414991540487587,0.0877512689268619
297.86040875382423,0.9696574160080874,1.9393148320161748,0.0910277519757378
288.3856475529159,0.9685312770132622,1.9370625540265245,0.0944061689602133
276.26530679144446,0.967370484262039,1.934740968524078,0.0978885472138831
293.3355575761589,0.9661743702087814,1.9323487404175628,0.1014768893736557
302.60947068315886,0.964942276981086,1.9298845539621725,0.1051731690567413
296.2825615846436,0.9636735578601212,1.9273471157202424,0.1089793264196369
286.92808405227163,0.9623675787967114,1.9247351575934228,0.1128972636098658
295.05264459433596,0.9610237199592006,1.922047439918401,0.1169288401223984
306.83770757651683,0.9596413773087415,1.919282754617483,0.1210758680737751
327.32877497755106,0.9582199641973188,1.9164399283946372,0.125340107408044
274.0898526913591,0.9567589129834366,1.9135178259668733,0.12972326104969
316.28493700542015,0.955257676660093,1.910515353320186,0.1342269700197212
277.6036485349939,0.9537157304893302,1.9074314609786605,0.1388528085320093
308.0407442169749,0.9521325736373732,1.9042651472747465,0.1436022790878803
311.4425240969146,0.950507730804106,1.901015461608212,0.1484768075876822
306.0941695314796,0.9488407538404072,1.8976815076808145,0.1534777384787786
280.0548671743408,0.947131223346672,1.894262446693344,0.158606329959984
289.48162458156696,0.9453787502457062,1.8907575004914123,0.1638637492628812
283.15260678116056,0.9435829773230522,1.8871659546461044,0.1692510680308434
301.3321461315373,0.941743580727758,1.883487161455516,0.1747692578167265
273.67605862265884,0.9398602714265828,1.8797205428531651,0.180419185720252
314.98158079470716,0.9379327966046476,1.8758655932092956,0.186201610186057
280.1132126349199,0.9359609410056592,1.8719218820113184,0.1921171769830224
297.70165059471043,0.9339445282049345,1.867889056409869,0.1981664153851969
288.3598497496683,0.9318834218086708,1.8637668436173411,0.204349734573988
300.88018742222135,0.9297775265731392,1.859555053146278,0.2106674202805826
283.8754841263675,0.9276267894377608,1.8552535788755211,0.217119631686718
314.3168146079842,0.9254312004663878,1.850862400932776,0.2237063986008365
297.48205740052356,0.9231907936914558,1.846381587382912,0.2304276189256324
296.77884530215493,0.9209056478563012,1.8418112957126025,0.2372830564310965
281.4708747146168,0.9185758870508912,1.8371517741017824,0.2442723388473267
318.6929742320335,0.9162016812375444,1.8324033624750888,0.2513949562873672
321.39306997129563,0.913783246662985,1.82756649332597,0.2586502600110448
297.155181134824,0.9113208461541078,1.822641692308216,0.2660374615376767
290.8751319451173,0.9088147892952588,1.8176295785905177,0.2735556321142234
314.33312876430523,0.9062654324855012,1.812530864971002,0.2812037025434968
299.60708967518315,0.9036731788749384,1.807346357749877,0.2889804633751848
307.3757851184815,0.901038478179806,1.802076956359612,0.2968845654605824
295.98705441551255,0.8983618263766882,1.7967236527533763,0.3049145208699355
268.28517909325075,0.8956437652768234,1.7912875305536469,0.3130687041695295
318.74314159876076,0.8928848819820815,1.785769763964163,0.3213453540537556
318.47661390643015,0.8900858082248194,1.7801716164496388,0.3297425753255417
297.9659681660076,0.8872472195943536,1.7744944391887072,0.3382583412169391
303.6596187626359,0.8843698346533866,1.7687396693067732,0.3468904960398405
306.5391999499403,0.8814544139482021,1.7629088278964042,0.3556367581553936
290.13516567045554,0.8785017589169525,1.757003517833905,0.3644947232491427
303.97731950345377,0.8755127107008062,1.7510254214016123,0.3734618678975813
294.84780805221953,0.8724881488630994,1.7449762977261989,0.3825355534107014
291.63368773945723,0.8694289900220352,1.7388579800440704,0.3917130299338943
333.99462023769166,0.8663361864027519,1.7326723728055038,0.4009914407917445
348.8285685399324,0.8632107243148642,1.7264214486297285,0.410367827055407
301.55677220678626,0.8600536225617991,1.720107245123598,0.4198391323146029
291.1519567890698,0.8568659307884059,1.7137318615768118,0.4294022076347822
288.4986569461882,0.8536487277734605,1.707297455546921,0.4390538166796185
278.53384437903014,0.8504031196737422,1.7008062393474843,0.4487906409787736
314.86834361100097,0.8471302382263917,1.694260476452783,0.4586092853208252
315.74055398299737,0.8438312389162683,1.6876624778325366,0.4685062832511949
315.77846616464245,0.8405072991149349,1.68101459822987,0.4784781026551953
311.673089320097,0.8371596161978262,1.6743192323956524,0.4885211514065212
322.77390468459475,0.8337894056460301,1.6675788112920602,0.4986317830619096
302.114780488779,0.8303978991389255,1.660795798277851,0.5088063025832235
293.7394053718918,0.8269863426437517,1.6539726852875034,0.519040972068745
297.31315337789357,0.8235559945079429,1.6471119890158858,0.5293320164761713
331.2067232676748,0.8201081235598082,1.6402162471196164,0.5396756293205753
314.36194298983503,0.816644007223033,1.633288014446066,0.550067978330901
299.5154133268845,0.8131649296497203,1.6263298592994406,0.5605052110508391
328.3247971923006,0.80967217987715,1.6193443597543,0.5709834603685501
316.35080656528396,0.8061670500124136,1.6123341000248272,0.5814988499627591
333.96379202745186,0.8026508334491831,1.6053016668983662,0.5920474996524507
334.5967778839509,0.7991248231204219,1.5982496462408438,0.6026255306387344
295.97882629323834,0.7955903097905378,1.5911806195810756,0.6132290706283865
314.9948384637225,0.7920485803901752,1.5840971607803505,0.6238542588294742
303.1900019955289,0.7885009163965299,1.5770018327930595,0.6344972508104104
303.07705957591736,0.7849485922617382,1.5698971845234764,0.6451542232147857
303.76293976572504,0.7813928738916109,1.562785747783222,0.6558213783251674
323.5580326729394,0.7778350171766959,1.5556700343533918,0.6664949484699121
304.03044969035574,0.7742762665773415,1.548552533154683,0.6771712002679754
303.8871997721402,0.7707178537641912,1.5414357075283824,0.6878464387074261
317.6706489237673,0.7671609963152609,1.5343219926305218,0.6985170110542174
304.4548513123826,0.7636068964705155,1.527213792941031,0.7091793105884535
312.96581763925894,0.7600567399446229,1.5201134798892455,0.7198297801661315
332.03085364792713,0.7565116947983463,1.5130233895966927,0.730464915604961
339.1682498186206,0.7529729103688435,1.505945820737687,0.7410812688934696
296.85729115625867,0.7494415162589272,1.4988830325178544,0.7516754512232182
330.8629536507952,0.7459186213851864,1.4918372427703728,0.7622441358444408
332.6188549614827,0.7424053130847168,1.4848106261694336,0.7727840607458497
339.86157457978794,0.738902656280028,1.477805312560056,0.7832920311599159
329.1365125362294,0.7354116927015898,1.4708233854031796,0.7937649218952307
315.504504107916,0.7319334401673566,1.4638668803347132,0.8041996794979301
319.827507803385,0.7284688919184935,1.456937783836987,0.8145933242445196
337.23541908319703,0.7250190160104325,1.450038032020865,0.8249429519687026
293.6405380297076,0.7215847547583123,1.4431695095166246,0.835245735725063
331.12750614862136,0.7181670242357657,1.4363340484715317,0.845498927292703
338.94490963636827,0.7147667138259803,1.429533427651961,0.8556998585220592
296.4936778321674,0.7113846858238678,1.4227693716477356,0.8658459425283964
300.1245238135414,0.7080217750881561,1.4160435501763122,0.8759346747355314
317.2786958118628,0.7046787887421928,1.4093575774843856,0.8859636337734216
307.7972267852383,0.7013565059221563,1.4027130118443123,0.8959304822335313
321.9174343811997,0.6980556775714358,1.3961113551428717,0.9058329672856924
333.6958673205886,0.6947770262798251,1.38955405255965,0.9156689211605248
331.9463686449978,0.6915212461662417,1.383042492332483,0.9254362615012748
343.92685420809283,0.688289002803571,1.376578005607142,0.935132991589287
314.422848968004,0.6850809331845644,1.3701618663691288,0.9447572004463068
341.6239652007998,0.6818976457268324,1.3637952914536648,0.954307062819503
323.8754927170925,0.678739720316353,1.357479440632706,0.963780839050941
339.6694997040603,0.6756077083876034,1.3512154167752068,0.97317687483719
323.7685325692495,0.6725021330392003,1.3450042660784003,0.9824936008823992
335.60448347501693,0.6694234891836501,1.3388469783673005,0.9917295324490496
294.2796261173992,0.6663722437299018,1.3327444874598036,1.0008832688102949
307.51072281125624,0.6633488357973734,1.3266976715947467,1.00995349260788
325.5877539084061,0.6603536769601328,1.3207073539202656,1.0189389691196014
308.40901588467295,0.6573871515199325,1.314774303039865,1.027838545440202
318.8531491923957,0.6544496168067984,1.3088992336135967,1.0366511495796051
344.9893491827795,0.6515414035058792,1.3030828070117584,1.0453757894823623
320.6808426104218,0.6486628160092951,1.2973256320185902,1.0540115519721147
309.9453639380754,0.6458141327916851,1.2916282655833702,1.062557601624945
324.5317271866579,0.6429956068082259,1.2859912136164515,1.0710131795753224
327.6400855505267,0.6402074659138489,1.2804149318276978,1.0793776022584531
333.15896712167984,0.6374499133024272,1.2748998266048543,1.0876502600927187
309.50217606069816,0.6347231279646909,1.2694462559293818,1.0958306161059272
328.597495697339,0.6320272651636689,1.2640545303273378,1.1039182045089937
323.61840505275967,0.6293624569264177,1.2587249138528354,1.111912629220747
328.7448901520333,0.626728812550873,1.253457625101746,1.119813562347381
306.25636161950047,0.624126419126607,1.248252838253214,1.127620742620179
321.23924550641055,0.6215553420683361,1.243110684136672,1.135333973794992
326.15627687595367,0.6190156256609994,1.2380312513219989,1.1429531230170018
305.71059932793594,0.616507293615273,1.233014587230546,1.1504781191541809
348.5092611470917,0.6140303496323771,1.2280606992647545,1.1579089511028686
352.9039264704165,0.6115847779770505,1.223169555954101,1.1652456660688486
344.43326463360927,0.6091705440576036,1.2183410881152072,1.1724883678271891
334.2526029065858,0.6067875950119465,1.213575190023893,1.1796372149641603
308.8336207477242,0.6044358602985339,1.2088717205970678,1.1866924191043982
332.1521408057243,0.6021152522911728,1.2042305045823456,1.1936542431264816
313.98937209027065,0.5998256668766722,1.1996513337533443,1.2005229993699835
349.5173632371406,0.5975669840543165,1.195133968108633,1.2072990478370502
318.13378759298644,0.5953390685361998,1.1906781370723996,1.2139827943914006
352.6405220247302,0.5931417703474454,1.1862835406948908,1.2205746889576636
351.90017059395217,0.5909749254253841,1.1819498508507682,1.2270752237238478
326.8991253084163,0.5888383562168051,1.1776767124336105,1.2334849313495846
334.44302325784867,0.5867318722723778,1.1734637445447555,1.239804383182867
325.7594979214439,0.5846552708374232,1.1693105416748464,1.2460341874877303
334.6800181095788,0.5826083374382097,1.1652166748764194,1.2521749876853707
331.21254137052654,0.5805908464629964,1.1611816929259928,1.2582274606110109
327.5045358505685,0.5786025617370784,1.1572051234741567,1.2641923147887648
339.3364748201841,0.576643237091117,1.153286474182234,1.270070288726649
330.0160849674744,0.5747126169220825,1.149425233844165,1.2758621492337523
334.0215774417321,0.5728104367461636,1.1456208734923272,1.2815686897615093
332.9988741262541,0.570936423743039,1.141872847486078,1.2871907287708828
346.49135898780185,0.5690902972909477,1.1381805945818957,1.2927291081271566
350.08653043849097,0.5672717694920195,1.134543538984039,1.2981846915239417
334.4057236371709,0.5654805456873798,1.1309610913747596,1.3035583629378604
358.53569626317943,0.5637163249615682,1.1274326499231364,1.3088510251152954
335.4987196884425,0.5619788006358257,1.1239576012716517,1.314063598092523
343.11198622824094,0.5602676607500588,1.1205353215001177,1.3191970177498236
363.2247038079105,0.5585825885326784,1.1171651770653568,1.324252234401965
341.1080723409525,0.556923262858601,1.113846525717202,1.3292302114241967
346.5196172458663,0.5552893586947178,1.1105787173894357,1.3341319239158462
326.217260786184,0.5536805475327611,1.1073610950655222,1.3389583574017163
347.1694844415369,0.5520964978093499,1.1041929956186998,1.3437105065719506
357.86580297700976,0.5505368753130478,1.1010737506260957,1.348389374060856
356.362693242744,0.5490013435783088,1.0980026871566175,1.3529959692650737
338.48791628508286,0.5474895642662148,1.0949791285324295,1.3575313072013555
330.8360591577823,0.5460011975319398,1.0920023950638795,1.3619964074041808
336.99365056309006,0.5445359023789099,1.08907180475782,1.36639229286327
354.53337215304884,0.5430933369996561,1.0861866739993122,1.3707199890010315
323.86377388869266,0.5416731591033799,1.0833463182067595,1.3749805226898604
345.6921189139514,0.5402750262302926,1.080550052460585,1.3791749213091222
362.79236778541036,0.5388985960527924,1.0777971921055851,1.3833042118416223
378.6191332809042,0.5375435266635981,1.075087053327196,1.3873694200092055
360.5937519896481,0.5362094768509418,1.0724189537018838,1.3913715694471742
367.82912070679265,0.5348961063609923,1.0697922127219843,1.3953116809170234
341.7939141900866,0.5336030761476467,1.067206152295293,1.3991907715570604
357.4425030515297,0.5323300486099021,1.064660097219804,1.4030098541702938
344.08650189341864,0.5310766878169846,1.0621533756339692,1.4067699365490465
330.8797944634537,0.5298426597214722,1.0596853194429443,1.4104720208355837
361.104841827717,0.5286276323606295,1.0572552647212592,1.4141171029181114
343.8381913415218,0.5274312760462078,1.0548625520924155,1.4177061718613768
354.8324018129909,0.5262532635429599,1.0525065270859195,1.4212402093711205
346.01215271250413,0.5250932702361453,1.0501865404722903,1.4247201892915646
354.157735927349,0.5239509742882883,1.0479019485765764,1.428147077135135
346.4265888293114,0.5228260567854909,1.0456521135709818,1.4315218296435273
363.26068794837676,0.5217182018735683,1.0434364037471369,1.4348453943792947
353.4512362485983,0.5206270968843272,1.041254193768654,1.438118709347019
344.31277003849,0.5195524324522679,1.039104864904536,1.4413427026431958
352.48693318682945,0.5184939026220222,1.0369878052440449,1.4445182921339332
351.1940608008996,0.5174512049468349,1.0349024098936703,1.4476463851594947
327.7231004338534,0.5164240405783926,1.0328480811567853,1.450727878264822
351.68490154632224,0.5154121143483111,1.0308242286966225,1.4537636569550667
351.9102850089995,0.5144151348415827,1.0288302696831657,1.4567545954752517
354.2300269415103,0.5134328144623038,1.026865628924607,1.459701556613089
348.99172015192465,0.5124648694919713,1.024929738983943,1.4626053915240858
383.1442208930452,0.5115110201406647,1.0230220402813297,1.4654669395780058
349.9218039130917,0.5105709905914019,1.021141981182804,1.468287028225794
380.7815632948266,0.509644509037977,1.0192890180759542,1.4710664728860685
354.7438322627425,0.5087313077165561,1.017462615433112,1.4738060768503316
326.76841474799744,0.5078311229313356,1.015662245862671,1.4765066312059931
344.5933457045641,0.5069436950745297,1.0138873901490588,1.4791689147764115
378.777591809763,0.5060687686409734,1.0121375372819466,1.48179369407708
338.4590129332771,0.5052060922376077,1.0104121844752156,1.4843817232871768
367.9073171015417,0.5043554185881086,1.0087108371762172,1.486933744235674
353.75928124450337,0.5035165045329264,1.007033009065853,1.4894504864012208
354.4758992109485,0.5026891110249777,1.005378222049956,1.4919326669250663
373.86894222505254,0.5018730031212392,1.003746006242478,1.494380990636283
352.89665883437806,0.5010679499704813,1.0021358999409622,1.4967961500885565
373.4287484891297,0.5002737247973691,1.000547449594738,1.4991788256078926
348.15029780322715,0.4994901048831572,0.9989802097663152,1.5015296853505276
359.7321848937511,0.4987168715431924,0.9974337430863844,1.5038493853704231
355.1593754514851,0.4979538101014348,0.9959076202028696,1.5061385696956957
357.46875454534944,0.4972007098621978,0.9944014197243958,1.5083978704134064
356.7353960197171,0.4964573640792998,0.9929147281585992,1.510627907762101
374.4665329309249,0.4957235699228156,0.9914471398456314,1.512829290231553
351.1672079670631,0.4949991284436157,0.989998256887232,1.5150026146691524
352.55509605142646,0.4942838445358453,0.9885676890716903,1.517148466392464
381.67999013246333,0.4935775268975331,0.987155053795066,1.519267419307401
369.47464250139024,0.4928799879894725,0.985759975978946,1.5213600360315815
341.74485055479545,0.4921910439925315,0.9843820879850618,1.5234268680224068
383.658428274036,0.4915105147635378,0.9830210295270748,1.5254684557093876
340.4277617269718,0.4908382237898787,0.9816764475797576,1.5274853286303636
343.43916821935835,0.4901739981429412,0.9803479962858832,1.5294780055711754
354.3562925168606,0.4895176684305301,0.9790353368610591,1.5314469947084106
375.12740765654786,0.4888690687483651,0.9777381374967308,1.533392793754904
359.9090350187074,0.4882280366307985,0.9764560732615958,1.5353158901076058
352.5651492198204,0.4875944130008278,0.9751888260016562,1.537216760997516
366.0589586105836,0.4869680421195379,0.9739360842390772,1.539095873641385
328.2333802705666,0.4863487715350438,0.9726975430700884,1.5409536853948678
384.133044584367,0.4857364520310409,0.9714729040620814,1.5427906439068777
386.22189758703036,0.485130937575046,0.9702618751500915,1.5446071872748623
393.85439192653564,0.4845320852664044,0.9690641705328084,1.5464037442007872
360.43308496889387,0.4839397552841492,0.967879510568298,1.5481807341475529
372.2428687036546,0.483353810834777,0.966707621669555,1.5499385674956678
381.86059802364343,0.4827741181000115,0.9655482362000224,1.551677645699966
358.05961155125726,0.4822005461846166,0.9644010923692328,1.5533983614461506
370.8612726675085,0.4816329670643243,0.963265934128648,1.5551010988070275
353.33498222863386,0.4810712555339186,0.9621425110678372,1.5567862333982443
359.9525397209825,0.4805152891555432,0.9610305783110864,1.5584541325333705
365.3301947413354,0.4799649482072752,0.9599298964145508,1.560105155378174
351.4357720541829,0.4794201156319986,0.958840231263997,1.5617396531040044
373.34550539121796,0.4788806769866401,0.95776135397328,1.56335796904008
348.32896411607896,0.4783465203917831,0.9566930407835654,1.5649604388246514
382.1851141089493,0.4778175364817127,0.9556350729634252,1.566547390554862
358.79489930703596,0.4772936183549147,0.9545872367098296,1.5681191449352556
386.52689271086155,0.4767746615250554,0.9535493230501108,1.569676015424834
379.52621122643734,0.476260563872482,0.9525211277449644,1.5712183083825535
342.18282487477865,0.4757512255962532,0.951502451192506,1.5727463232112406
364.7713154562463,0.4752465491667307,0.950493098333463,1.5742603524998062
357.9957385776391,0.4747464392787532,0.9494928785575072,1.5757606821637395
370.0560187629029,0.4742508028054002,0.9485016056107975,1.5772475915838022
371.98829194341346,0.4737595487523751,0.9475190975047494,1.5787213537428757
358.01741526881307,0.4732725882130135,0.9465451764260284,1.5801822353609585
367.8316004253899,0.4727898343239274,0.945579668647854,1.581630497028219
374.480342923144,0.4723112022213027,0.9446224044426068,1.5830663933360902
365.61315863180556,0.4718366089978571,0.943673217995716,1.5844901730064267
397.36821245827196,0.471365973660455,0.9427319473209111,1.5859020790186338
387.15602430864993,0.470899217088407,0.9417984341768108,1.5873023487347822
368.59076333047653,0.4704362619924366,0.9408725239848744,1.5886912140226892
402.2546973658923,0.4699770328743397,0.9399540657486803,1.59006890137698
366.6484268675252,0.4695214559873121,0.9390429119746234,1.5914356320380645
354.01799067087177,0.4690694592969733,0.9381389185939464,1.5927916221090803
361.8987022395059,0.4686209724430772,0.9372419448861524,1.59413708267077
392.7837932649063,0.4681759267018954,0.936351853403791,1.5954722198943136
374.19936234815907,0.4677342549493021,0.9354685098986042,1.5967972351520936
369.8558878079474,0.4672958916245255,0.9345917832490492,1.598112325126425
383.31947193008773,0.4668607726945819,0.933721545389162,1.599417681916256
364.5645325800101,0.4664288356193927,0.9328576712387852,1.600713493141822
393.88845915226216,0.4660000193175635,0.9320000386351274,1.601999942047309
384.74247279351846,0.465574264132834,0.9311485282656689,1.6032772076014974
374.0967658961349,0.4651515118011893,0.9303030236023766,1.604545464596434
379.787322149367,0.464731705418619,0.929463410837239,1.605804883744142
371.83798454393263,0.4643147894095435,0.9286295788190873,1.6070556317713691
358.42912275846766,0.4639007094958625,0.927801418991724,1.6082978715124134
377.87180229992987,0.4634894126666504,0.9269788253333008,1.609531762000049
362.7352960512612,0.4630808471484771,0.9261616942969516,1.6107574585545712
361.5405033074719,0.4626749623763543,0.925349924752707,1.6119751128709383
373.1308793383474,0.4622717089652828,0.924543417930565,1.613184873104152
376.3696619747957,0.4618710386824198,0.923742077364838,1.6143868839527422
385.47709709657147,0.4614729044198283,0.922945808839658,1.6155812867405135
369.4040902944478,0.4610772601678288,0.9221545203356564,1.616768219496515
358.7991785046376,0.4606840609889107,0.9213681219778206,1.6179478170332686
381.24933438185377,0.4602932629922386,0.9205865259844764,1.6191202110232852
397.7192520408951,0.4599048233086963,0.919809646617391,1.6202855300739123
376.13584976123826,0.4595187000665048,0.9190374001330096,1.6214438998004856
378.54050445157355,0.4591348523673605,0.9182697047347173,1.6225954428979223
401.2444756417025,0.4587532402631324,0.9175064805262628,1.623740279210605
368.0443983944306,0.4583738247330621,0.916747649466126,1.6248785258008118
415.708600283162,0.4579965676614964,0.9159931353229954,1.626010297015508
403.95669852874477,0.4576214318161177,0.9152428636322372,1.627135704551645
370.46774415696444,0.4572483808266763,0.914496761653356,1.6282548575199678
404.7216780389175,0.4568773791642032,0.9137547583284096,1.629367862507387
405.7240501956627,0.4565083921207155,0.9130167842414338,1.6304748236378506
387.1043782475707,0.4561413857893724,0.9122827715787408,1.6315758426318867
374.3413778617613,0.4557763270451135,0.9115526540902288,1.6326710188646578
386.0796552759859,0.4554131835257443,0.9108263670514828,1.6337604494227729
382.19389835021485,0.4550519236134402,0.9101038472268776,1.6348442291596823
385.4909775814823,0.4546925164167201,0.9093850328334406,1.635922450749839
389.51229321865156,0.454334931752826,0.9086698635056498,1.6369952047415244
386.6593704445729,0.4539791401305192,0.9079582802610408,1.6380625796084398
364.70056383750904,0.4536251127332893,0.9072502254665744,1.639124661800136
399.7186408498991,0.4532728214029591,0.9065456428059208,1.64018153579112
390.2431074547011,0.4529222386236833,0.9058444772473724,1.6412332841289443
399.3083387363438,0.4525733375063323,0.9051466750126664,1.6422799874810017
388.24863711549943,0.4522260917732431,0.9044521835464866,1.6433217246802705
386.32691477358503,0.4518804757433401,0.9037609514866792,1.6443585727699803
386.587441528984,0.4515364643176185,0.9030729286352333,1.6453906070471482
411.03337627999684,0.4511940329649678,0.9023880659299344,1.6464179011050977
396.11584684827545,0.4508531577083553,0.901706315416712,1.6474405268749328
395.82375975422195,0.4505138151113289,0.9010276302226484,1.6484585546660226
408.69005984544407,0.4501759822648397,0.9003519645296751,1.6494720532054852
376.1660769571939,0.4498396367744264,0.8996792735488597,1.650481089676714
394.77405560979435,0.4495047567476625,0.8990095134953158,1.6514857297570218
409.83396996567143,0.4491713207819374,0.8983426415638662,1.6524860376541963
390.26487591511597,0.4488393079525312,0.8976786159050701,1.6534820761423987
418.86811786283715,0.4485086978009768,0.8970173956019624,1.6544739065970608
381.6333721880179,0.4481794703237273,0.8963589406474539,1.655461589028819
376.6430945369226,0.4478516059610554,0.8957032119221192,1.6564451821168251
379.2453360436505,0.447525085586285,0.8950501711725684,1.6574247432411466
395.16793863371964,0.4471998904952431,0.8943997809904861,1.6584003285142708
379.19077550402716,0.4468760023959667,0.8937520047919348,1.6593719928120985
399.8355233255493,0.4465534033987854,0.8931068067975797,1.660339789803635
375.0253391784009,0.4462320760064022,0.892464152012803,1.6613037719807948
401.3817869825989,0.4459120031044445,0.8918240062088841,1.6622639906866714
406.64705408374454,0.4455931679521644,0.8911863359043214,1.6632204961435142
380.6836873836373,0.4452755541733736,0.890551108346751,1.6641733374798753
400.75720318896975,0.4449591457475942,0.8899182914951861,1.6651225627572197
365.01087329150533,0.444643927001432,0.8892878540028707,1.6660682189956972
393.8509669759494,0.4443298826001987,0.8886597652003999,1.6670103521994013
396.0315409850608,0.4440169975396674,0.8880339950793331,1.6679490073809995
406.4744689895733,0.4437052571381245,0.8874105142762487,1.668884228585627
384.21471560926744,0.4433946470285455,0.8867892940570881,1.6698160589143665
393.3017724331488,0.4430851531509933,0.886170306301996,1.670744540547011
393.99370121131193,0.4427767617452283,0.8855535234904525,1.6716697147643194
384.3009075417389,0.4424694593434437,0.8849389186868983,1.672591621969658
424.3350352099996,0.4421632327632521,0.8843264655265028,1.673510301710245
394.1330403967716,0.4418580691007749,0.8837161382015554,1.6744257926976698
400.6892711042806,0.4415539557239832,0.8831079114479625,1.6753381328280543
399.2926416644784,0.4412508802661168,0.8825017605322368,1.6762473592016465
414.827410459355,0.4409488306193527,0.8818976612387105,1.677153508141937
392.45435831448026,0.4406477949285645,0.8812955898571317,1.6780566152143035
402.36365396441533,0.4403477615852602,0.8806955231705191,1.6789567152442206
380.7461583146732,0.4400487192217008,0.8800974384433948,1.6798538423349043
403.2713913467823,0.4397506567051173,0.879501313410228,1.6807480298846544
385.53617844585034,0.4394535631320908,0.8789071262641751,1.6816393106037342
387.4063215465935,0.439157427823086,0.878314855646174,1.68252771653074
397.51666238526104,0.4388622403171095,0.8777244806342341,1.6834132790486562
383.7990042394439,0.4385679903665034,0.8771359807330166,1.68429602890048
410.390488048079,0.4382746679318489,0.8765493358637001,1.6851759962044512
397.10993262620696,0.4379822631770302,0.8759645263540542,1.6860532104689157
388.3537095150374,0.4376907664643973,0.8753815329287994,1.6869277006068035
418.47450822358917,0.4374001683500803,0.8748003367001563,1.6877994949497632
395.852863620905,0.4371104595793565,0.8742209191587088,1.6886686212619346
393.2786640388991,0.4368216310822087,0.8736432621644139,1.6895351067533777
415.18868690989245,0.4365336739689432,0.8730673479378841,1.6903989780931723
394.10251340629435,0.4362465795259296,0.8724931590518746,1.6912602614221957
425.2752549943485,0.4359603392114776,0.8719206784229693,1.692118982365553
411.55398356675875,0.4356749446517263,0.8713498893034531,1.692975166044821
419.27601273928576,0.4353903876367714,0.8707807752735288,1.6938288370896997
415.9740372626934,0.435106660116745,0.8702133202335118,1.6946800196497434
394.166221574318,0.4348237541981244,0.8696475083962609,1.6955287374056147
411.7727254323043,0.4345416621400323,0.8690833242800678,1.6963750135798998
426.8285919182014,0.4342603763506644,0.8685207527013381,1.6972188709479974
420.3472016448496,0.4339798893838101,0.8679597787676039,1.698060331848586
380.56352270157976,0.4337001939354866,0.8674003878709586,1.6988994181935548
402.867613171038,0.4334212828405884,0.8668425656811936,1.699736151478218
432.01246907296047,0.4331431490696661,0.8662862981393279,1.700570552791006
389.6143439914622,0.4328657857257859,0.8657315714515733,1.7014026428226408
419.75518616440485,0.432589186041452,0.8651783720829157,1.7022324418756325
404.80926480657547,0.4323133433756124,0.8646266867512404,1.7030599698731472
392.972591614863,0.4320382512107331,0.8640765024214667,1.7038852463678005
406.5416460774126,0.4317639031499296,0.8635278062998638,1.7047082905502065
420.7630199178,0.4314902929142219,0.8629805858284499,1.7055291212573285
414.83902245304984,0.4312174143398015,0.8624348286795983,1.7063477569806005
442.02305271217534,0.4309452613753711,0.8618905227507463,1.707164215873883
410.11190760399063,0.4306738280796068,0.8613476561592025,1.7079785157611906
360.4186262686321,0.4304031086185825,0.8608062172371644,1.7087906741442531
402.23676638497693,0.4301330972633765,0.86026619452675,1.7096007082098734
420.0433799478132,0.4298637883876281,0.8597275767752677,1.710408634837104
440.7046329551213,0.4295951764652169,0.8591903529304358,1.7112144706043473
398.3349704019508,0.4293272560679996,0.8586545121360007,1.7120182317959995
424.5993655750762,0.4290600218635609,0.8581200437271208,1.7128199344093182
406.05936719686343,0.428793468613053,0.8575869372260694,1.7136195941608778
422.35267795460896,0.4285275911690884,0.8570551823381848,1.7144172264927269
438.16952759509644,0.4282623844736655,0.8565247689473383,1.7152128465789962
422.0733372228721,0.4279978435561522,0.855995687112317,1.716006469331531
403.07394989601096,0.4277339635313387,0.8554679270626712,1.71679810940599
407.2341460724351,0.4274707395974903,0.8549414791949445,1.7175877812075653
439.4768622724739,0.4272081670344704,0.8544163340689427,1.718375498896587
390.58402442188503,0.4269462412019953,0.8538924824040045,1.719161276394
399.9784861542432,0.4266849575377531,0.8533699150755317,1.719945127386715
431.721708760678,0.426424311555735,0.8528486231114889,1.7207270653327762
436.24062854850456,0.426164298844446,0.8523285976889002,1.7215071034666538
389.8335263829307,0.4259049150654007,0.8518098301307968,1.7222852548038026
405.72154427634564,0.4256461559513668,0.8512923119027177,1.7230615321459155
425.64508328660133,0.4253880173048405,0.8507760346096706,1.7238359480854888
403.2828927688503,0.4251304949965696,0.8502609899931219,1.7246085150103083
420.54036361581393,0.4248735849639571,0.8497471699278785,1.7253792451081644
420.6326320113825,0.4246172832095915,0.8492345664191657,1.7261481503712426
380.3717638090676,0.4243615857999414,0.8487231715998521,1.7269152426002063
430.42655977249586,0.4241064888638095,0.8482129777276401,1.7276805334085503
398.01295535835453,0.4238519885911242,0.8477039771822291,1.7284440342266467
416.1345625265883,0.423598081231422,0.847196162462813,1.7292057563057648
425.46416425853505,0.423344763092752,0.8466895261854829,1.7299657107217652
410.5091636762836,0.4230920305402245,0.846184061080464,1.7307239083793116
420.7159975887466,0.4228398799949456,0.845679759989891,1.7314803600151634
452.7484219673624,0.4225883079326618,0.8451766158653341,1.7322350762020042
431.70718704771843,0.4223373108826945,0.8446746217653772,1.7329880673519282
413.9927831193586,0.4220868854267068,0.8441737708533914,1.7337393437199016
412.3081996511184,0.421837028197627,0.8436740563952542,1.7344889154071188
429.2501983657421,0.4215877358785786,0.8431754717571242,1.735236792364297
441.60563164127495,0.4213390052017044,0.84267801040337,1.7359829843949257
410.58974496251824,0.4210908329472806,0.8421816658945334,1.736727501158186
412.6339226816298,0.4208432159425287,0.8416864318850302,1.737470352172441
418.60346160751465,0.4205961510607232,0.8411923021214844,1.7382115468177926
424.41766442598106,0.4203496352202741,0.8406992704405553,1.7389510943391706
418.16228991776495,0.4201036653835513,0.8402073307671,1.7396890038493489
412.28254551926375,0.419858238556242,0.8397164771124538,1.7404252843313044
410.6807890833305,0.4196133517862142,0.8392267035724309,1.741159944641355
417.92259055994657,0.4193690021628084,0.8387380043255932,1.7418929935115983
412.53876541379014,0.4191251868158313,0.8382503736316201,1.7426244395525483
423.92670595510936,0.4188819029147833,0.8377638058296445,1.7433542912555722
423.83822186538424,0.4186391476680461,0.8372782953361579,1.7440825569957958
460.8248161264373,0.418396918322099,0.8367938366441655,1.7448092450337356
422.30196140986635,0.418155212160643,0.8363104243212687,1.7455343635180884
417.20032240268404,0.4179140265038206,0.8358280530076313,1.746257920488548
422.13348818627946,0.4176733587077278,0.8353467174154247,1.7469799238768475
405.8546612395583,0.4174332061632471,0.8348664123265943,1.7477003815101584
441.47163045336816,0.4171935662957443,0.8343871325915314,1.748419301112724
431.6964952945747,0.4169544365641632,0.8339088731283251,1.7491366903075116
404.48919280162477,0.4167158144603268,0.8334316289206315,1.7498525566190417
426.3513484992639,0.4164776975083699,0.83295539501676,1.7505669074748702
440.3690222234581,0.4162400832639902,0.8324801665279503,1.7512797502080597
438.2770712701098,0.4160029693139359,0.8320059386278521,1.751991092058212
425.9507704464744,0.4157663532752804,0.8315327065505075,1.752700940174212
456.14789428677574,0.4155302327947942,0.8310604655895132,1.7534093016156924
433.25907216432125,0.4152946055485401,0.8305892110970856,1.7541161833543744
470.04042947751867,0.4150594692409545,0.8301189384819161,1.7548215922771293
422.7687849935422,0.4148248216046971,0.8296496432093884,1.7555255351859145
431.0848584947993,0.4145906603997362,0.829181320799516,1.7562280188007475
440.4422647499625,0.4143569834130549,0.8287139668262221,1.7569290497607228
442.39742947274857,0.4141237884579569,0.828247576915927,1.757628634626116
422.05140743003176,0.4138910733736447,0.8277821467473012,1.758326779879054
455.06082167848206,0.4136588360246897,0.8273176720493991,1.7590234919259111
447.5441309080753,0.4134270743005459,0.8268541486011087,1.7597187770983451
433.45684559682473,0.4131957861150489,0.826391572230117,1.760412641654834
415.64472079430345,0.4129649694059844,0.8259299388120189,1.7611050917819968
446.1036487179447,0.4127346221345193,0.8254692442689691,1.7617961335965115
445.29406548945923,0.4125047422849744,0.8250094845699902,1.7624857731450354
397.96328125904813,0.4122753278640992,0.8245506557282313,1.7631740164076697
431.6677004368543,0.4120463769008634,0.8240927538016751,1.7638608692974616
408.06763305856157,0.4118178874459444,0.8236357748918557,1.7645463376622
440.6421394189801,0.4115898575713387,0.8231797151426514,1.76523042728601
454.4797875672224,0.4113622853699323,0.8227245707397846,1.7659131438902833
439.9712546964522,0.4111351689551906,0.8222703379103101,1.7665944931344992
449.35271229857005,0.4109085064605773,0.8218170129211412,1.7672744806182814
428.17308463007737,0.4106822960394589,0.8213645920789255,1.7679531118816154
461.1570536288609,0.410456535864531,0.820913071729066,1.768630392406403
458.77817740685936,0.410231224127521,0.8204624482550248,1.769306327617454
450.35672532596254,0.4100063590387889,0.8200127180774975,1.7699809228837136
414.60527743530315,0.4097819388271978,0.8195638776544213,1.7706541835183809
430.5293400709621,0.409557961739417,0.81911592347902,1.771326114781563
446.0793054667157,0.4093344260399023,0.8186688520797506,1.7719967218803472
400.9147919176734,0.409111330010394,0.8182226600207658,1.77266600996884
441.25286895933243,0.4088886719497364,0.817777343899498,1.7733339841507656
435.93620525071333,0.408666450173543,0.817332900346991,1.774000649479466
454.46301028529996,0.4084446630136187,0.8168893260272081,1.774666010959173
439.1362467853781,0.4082233088183518,0.8164466176365012,1.775330073545147
417.32789277775436,0.4080023859515178,0.8160047719030175,1.775992842145465
429.96011607634983,0.4077818927926746,0.815563785585461,1.7766543216218644
426.63060981230433,0.4075618277368343,0.8151236554737096,1.7773145167894562
452.0232690011465,0.4073421891935731,0.8146843783870409,1.777973432419386
425.6259862727018,0.4071229755877421,0.8142459511754199,1.778631073236838
431.30146676212263,0.4069041853585046,0.8138083707170882,1.779287443924407
431.32010817954966,0.4066858169590435,0.813371633918094,1.7799425491228626
423.53700341017884,0.4064678688568969,0.8129357377136451,1.780596393429458
441.96054035442796,0.4062503395332498,0.8125006790664167,1.7812489814003334
449.1656322267548,0.4060332274826801,0.812066454965343,1.7819003175519768
429.54714820751923,0.4058165312132607,0.8116330624265163,1.7825504063602229
427.6395671293121,0.4056002492460633,0.8112004984922412,1.7831992522616955
432.7410128352136,0.4053843801148925,0.8107687602299013,1.783846859655206
453.2715769335705,0.4051689223664481,0.8103378447330203,1.7844932329005316
434.2523994798244,0.4049538745597063,0.8099077491195489,1.785138376320745
460.30984512258544,0.4047392352656658,0.8094784705315033,1.7857822942028307
455.6890634253204,0.4045250030677998,0.8090500061355954,1.7864249907966048
424.77337749849124,0.4043111765609076,0.8086223531219031,1.7870664703171892
461.79059262177697,0.4040977543517698,0.8081955087035748,1.787706736944655
438.2741251293546,0.403884735058389,0.8077694701166356,1.7883457948249757
465.29976162701547,0.4036721173101417,0.8073442346202289,1.7889836480696295
453.902308348603,0.4034598997472944,0.8069197994944619,1.7896203007582436
436.70065144366686,0.4032480810212394,0.8064961620424907,1.7902557569362698
444.614171789528,0.4030366597938774,0.8060733195877501,1.7908900206183729
451.09652014308256,0.4028256347377743,0.8056512694753809,1.7915230957868449
461.44606610116404,0.4026150045356573,0.8052300090714783,1.7921549863928643
475.81552307035935,0.402404767880763,0.8048095357614676,1.7927856963577693
433.29720589894424,0.4021949234761358,0.8043898469522596,1.7934152295716046
473.48832953115925,0.401985470034833,0.8039709400696345,1.7940435898955325
438.2769554715974,0.401776406279546,0.803552812559138,1.7946707811613158
460.8920742630248,0.4015677309427009,0.8031354618855127,1.7952968071717863
447.57329326124164,0.4013594427658846,0.8027188855316794,1.795921671702436
442.10885305725856,0.4011515405003545,0.8023030810006828,1.796545378498963
466.6703185131237,0.4009440229061483,0.8018880458123027,1.7971679312815492
439.24531044276273,0.4007368887525551,0.8014737775050502,1.7977893337423947
453.0886309203969,0.4005301368175179,0.8010602736352089,1.7984095895472731
465.83465854320895,0.4003237658880078,0.8006475317758595,1.7990287023361329
449.0596768090653,0.4001177747594829,0.8002355495193667,1.7996466757211504
444.7092095437483,0.3999121622356231,0.7998243244714095,1.8002635132929674
463.3088828579425,0.3997069271288705,0.7994138542578761,1.8008792186132534
453.76029012663946,0.3995020682596893,0.7990041365193673,1.8014937952209436
441.28935068719096,0.3992975844565515,0.7985951689128088,1.80210724663064
446.2914434475468,0.3990934745562609,0.7981869491127387,1.8027195763310004
445.3242125585496,0.398889737402997,0.7977794748056243,1.803330787791379
451.895960396027,0.3986863718493154,0.7973727436983559,1.8039408844523288
465.49207356846625,0.398483376754788,0.7969667535094311,1.804549869735781
465.8611133803478,0.3982807509869904,0.7965615019739508,1.8051577470390587
430.26565804170025,0.3980784934208134,0.7961569868416114,1.8057645197375756
466.30928568785623,0.3978766029384712,0.7957532058767856,1.806370191184743
451.137744272426,0.3976750784293585,0.795350156858749,1.8069747647118923
441.43557400469945,0.3974739187898208,0.7949478375796291,1.80757824363055
467.8624340204195,0.3972731229237173,0.7945462458475087,1.808180631228774
477.89684438231944,0.3970726897414625,0.7941453794827359,1.8087819307758013
456.21084929519475,0.3968726181604908,0.7937452363207406,1.8093821455187689
451.3440393508097,0.3966729071048246,0.7933458142094161,1.8099812786857592
442.4177625364239,0.3964735555051989,0.792947111010703,1.810579333484098
452.8002985381072,0.3962745622991388,0.7925491245982472,1.811176313102614
465.45523480991613,0.3960759264301525,0.7921518528603476,1.8117722207095
478.98510426863163,0.3958776468485906,0.7917552936972372,1.812367059454172
448.73145825409665,0.3956797225109549,0.7913594450219217,1.8129608324671236
473.2029577337881,0.3954821523799475,0.7909643047598789,1.8135535428601732
467.63367347008074,0.395284935424457,0.7905698708488366,1.8141451937267064
448.96228616733526,0.3950880706193535,0.7901761412383297,1.814735788142317
466.79067884326037,0.3948915569456927,0.7897831138912809,1.8153253291630265
454.7336795203877,0.3946953933901624,0.789390786780289,1.8159138198295488
457.89670444287304,0.3944995789454807,0.7889991578910427,1.8165012631634765
463.3020968777194,0.3943041126101095,0.788608225219961,1.8170876621699292
452.46611520167755,0.394108993388195,0.788217986776469,1.817673019835336
464.50582968957167,0.3939142202893181,0.787828440578569,1.8182573391321128
454.2332344525725,0.3937197923291524,0.7874395846584737,1.8188406230123737
478.1125769981387,0.3935257085279717,0.7870514170557587,1.8194228744162697
453.8683444585747,0.3933319679120952,0.7866639358242682,1.8200040962636368
465.29592297933607,0.3931385695132304,0.7862771390260495,1.82058429146072
484.89414730361466,0.3929455123681289,0.7858910247360038,1.8211634628958675
471.5601452104499,0.3927527955185739,0.7855055910371981,1.821741613444228
480.99246714516005,0.3925604180119901,0.7851208360241707,1.822318745963839
482.706168416915,0.3923683789006189,0.7847367578011086,1.8228948632982724
476.93186500802676,0.3921766772419724,0.7843533544836796,1.823469968274348
461.4846338160792,0.3919853120978403,0.7839706241957399,1.82404406370642
461.1067175889124,0.3917942825358286,0.783588565071734,1.8246171523924373
477.18753957794274,0.3916035876280182,0.7832071752562171,1.8251892371157648
488.56176900376397,0.3914132264510052,0.7828264529011733,1.8257603206478212
438.1477593001403,0.3912231980868776,0.7824463961731404,1.826330405739982
462.4867057892044,0.3910335016212682,0.7820670032425862,1.8268994951361457
476.44614007283235,0.3908441361459745,0.781688272291475,1.827467591562551
483.26103179098135,0.3906551007558381,0.7813102015116832,1.8280346977324784
473.1946459256601,0.3904663945516538,0.7809327891035921,1.828600816344754
463.85526158293925,0.3902780166371409,0.7805560332748075,1.829165950088052
461.7286646976478,0.3900899661223967,0.7801799322448857,1.8297301016327172
450.7713470974915,0.3899022421204088,0.7798044842411828,1.8302932736384083
506.69575016171217,0.3897148437484877,0.7794296874964242,1.830855468755088
475.7181678133004,0.389527770129383,0.7790555402591745,1.8314166896114423
467.09164437365365,0.3893410203893291,0.7786820407780641,1.8319769388326068
467.9644685849218,0.3891545936587148,0.7783091873177481,1.832536219023537
465.2466280815887,0.3889684890726693,0.7779369781456078,1.833094532781723
461.2821730332227,0.3887827057692351,0.7775654115384698,1.833651882692295
451.08548230435935,0.388597242891922,0.777194485783301,1.8342082713247767
483.7017699630825,0.3884120995878602,0.7768241991755731,1.8347637012365663
508.2160086086364,0.3882272750074797,0.7764545500143781,1.8353181749781424
470.7215062594143,0.3880427683061882,0.7760855366124657,1.835871695081346
464.64310752981396,0.3878585786427131,0.7757171572859359,1.836424264071351
477.60830826895716,0.3876747051796094,0.7753494103586898,1.8369758844617008
494.7742546243151,0.3874911470833737,0.7749822941672913,1.8375265587493352
492.92331319422664,0.387307903524329,0.7746158070482431,1.838076289427428
509.9098854614401,0.3871249736771543,0.7742499473543341,1.8386250789685117
480.30067734316026,0.3869423567192548,0.7738847134382967,1.8391729298424484
494.1382177966254,0.3867600518321332,0.7735201036649522,1.8397198445029144
492.0269686832017,0.3865780582009817,0.7731561164021253,1.840265825396893
483.15201695133436,0.3863963750146661,0.7727927500299635,1.8408108749553704
500.3522507876851,0.3862150014660284,0.7724300029319728,1.8413549956019988
462.2599555426427,0.3860339367503868,0.7720678735006957,1.8418981897489173
474.464341333718,0.3858531800675344,0.771706360134763,1.8424404597977024
467.4077979638318,0.3856727306203389,0.771345461241048,1.842981808138613
504.5784586644022,0.385492587615151,0.7709851752307232,1.8435222371541256
481.40975241126426,0.3853127502619596,0.7706255005233117,1.8440617492147289
473.6029581940914,0.3851332177737669,0.7702664355472266,1.8446003466790064
504.5808649898628,0.384953989367309,0.7699079787346459,1.845138031898045
483.37427621745894,0.3847750642626713,0.7695501285252497,1.8456748072120792
456.4742638286915,0.3845964416827729,0.769192883365793,1.846210674951434
482.9320183594416,0.3844181208543452,0.7688362417090363,1.8467456374366185
482.20543339297905,0.3842401010072618,0.7684802020143258,1.8472796969784124
479.41026628371003,0.3840623813742175,0.7681247627487049,1.8478128558770777
495.983798779603,0.3838849611910232,0.7677699223821838,1.848345116426793
484.8370763464676,0.3837078396976331,0.7674156793953283,1.8488764809070384
489.99094984467473,0.3835310161359931,0.7670620322717621,1.8494069515922449
469.0571163731703,0.3833544897521715,0.7667089795046683,1.84993653074316
496.5778854615528,0.3831782597942518,0.7663565195892129,1.8504652206165355
475.66408536814646,0.3830023255145429,0.7660046510298749,1.850993023455582
498.76166982664273,0.3828266861670377,0.7656533723341564,1.851519941498806
470.9412673681876,0.3826513410097225,0.7653026820198403,1.8520459769704367
460.03985673876946,0.3824762893035727,0.7649525786071496,1.8525711320892777
478.454386989176,0.3823015303119821,0.7646030606236346,1.8530954090643832
465.96546698442285,0.3821270633016379,0.7642541266023479,1.8536188100960145
509.2358927623336,0.3819528875409988,0.7639057750815272,1.854141337377474
467.74923887264845,0.3817790023045817,0.7635580046090704,1.854662993086348
470.9045864740602,0.381605406866017,0.7632108137317524,1.8551837794022303
491.579431590657,0.3814321005033345,0.7628642010075322,1.8557036984891333
500.76673635725456,0.3812590824986062,0.7625181649970134,1.85622275250438
484.80942232421427,0.3810863521343967,0.762172704268692,1.8567409435969116
491.61021131658674,0.3809139086976968,0.7618278173949585,1.8572582739073449
494.7682877506913,0.3807417514773172,0.7614835029546456,1.857774745568037
493.50295508741425,0.3805698797655596,0.7611397595312843,1.858290360703156
471.5110148413681,0.3803982928569966,0.7607965857142746,1.858805121428729
471.4722337405992,0.3802269900490507,0.7604539800982352,1.859319029852714
466.5914689486278,0.3800559706418187,0.7601119412831235,1.8598320880750576
490.96375575542834,0.3798852339374166,0.7597704678748308,1.8603442981877525
483.74002710131913,0.3797147792422237,0.7594295584828773,1.8608556622748988
497.07766459573133,0.3795446058625083,0.7590892117247358,1.861366182412756
487.1131973913589,0.379374713110308,0.7587494262216816,1.8618758606680104
497.668501121137,0.3792051002977343,0.7584102005954513,1.8623846991068145
501.0895530661883,0.3790357667414232,0.7580715334835163,1.8628926997750608
478.5125832975686,0.3788667117583998,0.757733423516166,1.8633998647254344
483.58380494883227,0.3786979346699822,0.7573958693395751,1.8639061959904424
484.77242615078893,0.3785294347994488,0.7570588696000603,1.8644116956004908
486.85821715598513,0.3783612114720616,0.7567224229439776,1.864916365583961
507.7566295280844,0.3781932640165835,0.7563865280324347,1.8654202079509816
472.86494084264984,0.3780255917630483,0.756051183525388,1.865923224711564
477.61959921937495,0.3778581940441681,0.7557163880892254,1.8664254178666069
468.79144312659344,0.3776910701967688,0.7553821403934657,1.8669267894097656
536.3522829293277,0.3775242195577131,0.7550484391148036,1.8674273413274836
502.82674598188,0.3773576414674953,0.7547152829334477,1.867927075599057
497.4222015369748,0.3771913352678314,0.7543826705354949,1.8684259941966737
502.7061188801109,0.3770253003047566,0.7540506006097816,1.8689240990854616
508.0353432938665,0.376859535925703,0.7537190718507557,1.8694213922235408
485.98406822620944,0.3766940414792965,0.7533880829586437,1.86991787556206
495.7814379979082,0.3765288163187198,0.7530576326378657,1.8704135510434143
484.8425685057588,0.3763638597964804,0.75272771959306,1.87090842061046
469.7273784991715,0.3761991712705792,0.7523983425412021,1.8714024861882184
506.7340724726463,0.3760347500991964,0.7520695001985479,1.871895749702256
492.0726860820677,0.3758705956434345,0.7517411912870027,1.8723882130695628
500.774237326508,0.3757067072662513,0.7514134145333226,1.872879878200426
490.13166081582096,0.3755430843336671,0.7510861686678592,1.8733707469984733
475.09389927462564,0.3753797262126999,0.75075945242659,1.8738608213607104
508.8459965067767,0.3752166322742629,0.7504332645481666,1.8743501031775704
477.31381361496926,0.3750538018891225,0.750107603777929,1.8748385943329489
485.7106399916717,0.3748912344319637,0.7497824688637932,1.8753262967042432
510.48439592870704,0.3747289292789868,0.74945785855862,1.8758132121623932
469.22334734939835,0.3745668858094006,0.7491337716186776,1.8762993425719217
511.8569147876047,0.3744051034030011,0.7488102068060237,1.8767846897909752
500.31352950774766,0.3742435814427471,0.748487162885898,1.8772692556713548
498.7105024203795,0.374082319313974,0.7481646386293281,1.8777530420566977
505.1377539927097,0.3739213164024038,0.7478426328057631,1.878236050791833
498.38590795799985,0.3737605720984777,0.7475211441973508,1.878718283704172
536.320348053422,0.373600085792682,0.7472001715849256,1.8791997426223923
523.8502813138857,0.373439856878439,0.7468797137581528,1.8796804293634084
473.6228643604343,0.3732798847496426,0.746559769497362,1.8801603457529956
478.97302328410376,0.3731201688037116,0.7462403376079187,1.8806394935883692
489.4983747590796,0.3729607084415131,0.7459214168828099,1.8811178746756767
475.1817494113005,0.3728015030620443,0.7456030061266471,1.8815954908113088
508.6191629814413,0.372642552071386,0.7452851041429484,1.8820723437856657
492.05288972623475,0.3724838548722409,0.7449677097445512,1.882548435383208
501.60513955312626,0.3723254108723109,0.7446508217414315,1.883023767386257
480.23305089106697,0.3721672194811964,0.7443344389626573,1.8834983415561464
485.67509486437115,0.3720092801106162,0.7440185602221514,1.8839721596672323
489.6466238487119,0.3718515921702445,0.7437031843378742,1.8844452234918811
482.2795814529107,0.3716941550790281,0.743388310158386,1.884917534762586
490.6950192682513,0.3715369682518503,0.7430739365041935,1.885389095243956
521.6112089273175,0.3713800311074322,0.7427600622166234,1.8858599066759445
483.3665462212285,0.3712233430675681,0.742446686135833,1.8863299707965988
500.10064853297166,0.3710669035545695,0.7421338071109336,1.886799289334497
531.9343973741795,0.370910711989694,0.7418214239786635,1.8872678640316425
498.5626940353985,0.3707547678050366,0.7415095356086382,1.8877356965863248
475.9898718138638,0.3705990704239897,0.7411981408504449,1.8882027887255648
520.7615425430378,0.3704436192779637,0.7408872385587995,1.888669142163237
511.041500081011,0.3702884137987127,0.7405768275973951,1.889134758603892
487.54180423991943,0.3701334534211133,0.7402669068399574,1.8895996397389287
481.9311924091231,0.3699787375772906,0.7399574751530905,1.8900637872696189
448.38377471492674,0.3698242657095271,0.7396485314178574,1.8905272028726157
503.3563563260288,0.3696700372534022,0.73934007450438,1.8909898882422176
504.6731684762463,0.3695160516492887,0.7390321032987153,1.891451845051996
506.44319354944207,0.3693623083419048,0.7387246166840811,1.891913074974014
522.9805717656175,0.3692088067746574,0.7384176135503191,1.892373579675024
534.5516880487324,0.3690555463943052,0.7381110927892104,1.892833360816484
496.7028617319683,0.368902526648375,0.7378050532970283,1.8932924200545969
515.6076964990007,0.3687497469872324,0.7374994939763141,1.8937507590364533
527.6662941631546,0.3685972068604223,0.7371944137201567,1.894208379419421
534.0987918201669,0.3684449057233233,0.7368898114480968,1.89466528282858
518.0996578362011,0.3682928430280249,0.7365856860571247,1.8951214709148505
497.6288836769197,0.3681410182340608,0.7362820364690673,1.895576945296872
511.6062407434374,0.3679894307984006,0.7359788615979033,1.896031707603696
490.7287979383223,0.3678380801824437,0.7356761603660399,1.8964857594515163
501.36635370043393,0.3676869658448772,0.7353739316880697,1.896939102467053
503.7937982104227,0.3675360872513885,0.7350721745039002,1.8973917382447112
504.8555649906229,0.3673854438653535,0.7347708877295589,1.897843668405088
497.287386015215,0.3672350351546067,0.7344700703089205,1.8982948945364728
519.0179285406446,0.3670848605869508,0.7341697211752358,1.8987454182378132
547.6910961355563,0.3669349196335968,0.7338698392671946,1.8991952410992088
499.05169707467957,0.3667852117649443,0.7335704235292024,1.8996443647058527
502.03377893505603,0.3666357364540119,0.7332714729079469,1.9000927906380407
487.41992751067727,0.3664864931760992,0.7329729863526981,1.9005405204712027
481.40451114757394,0.366337481407846,0.7326749628162318,1.9009875557759224
493.4135640996725,0.3661887006283788,0.7323774012576046,1.9014338981140169
531.2107899901742,0.3660401503135559,0.7320803006281696,1.9018795490582745
521.3476365019891,0.3658918299483534,0.7317836598946482,1.9023245101569983
527.6241772235467,0.3657437390162366,0.7314874780340116,1.902768782949752
535.8912196403791,0.3655958769984607,0.7311917539985562,1.9032123690029832
507.93165217733235,0.3654482433809107,0.7308964867604016,1.903655269858688
475.38391008049746,0.3653008376544509,0.7306016753072337,1.9040974870383156
524.1738972864838,0.3651536593076802,0.7303073186138961,1.904539022078424
503.88743128436806,0.3650067078288581,0.7300134156601983,1.904979876510944
530.8154953270017,0.3648599827109412,0.7297199654218905,1.905420051867168
502.5610490178995,0.3647134834507868,0.7294269669032717,1.9058595496459412
514.1469280067234,0.3645672095363854,0.7291344190743408,1.9062983713892736
510.00380982658305,0.3644211604722107,0.7288423209449411,1.9067365185828484
489.7740250726477,0.3642753357535458,0.7285506715067941,1.90717399273966
515.9296423741159,0.3641297348798539,0.728259469759933,1.907610795360213
534.2833511124301,0.3639843573543915,0.7279687147131128,1.908046927932496
520.4893065098557,0.3638392026762503,0.7276784053517023,1.9084823919720475
501.2885072658867,0.3636942703516796,0.72738854069841,1.9089171889499104
538.9358194284237,0.3635495598893787,0.7270991197780065,1.909351320332615
540.1275788037957,0.363405070790895,0.7268101415786594,1.9097847876304452
509.1773462309333,0.3632608025718939,0.7265216051430894,1.9102175922850169
523.3806120910582,0.3631167547383833,0.7262335094798567,1.91064973578176
503.65491997881344,0.3629729267977664,0.7259458535923606,1.9110812196098728
521.4719097113444,0.362829318273037,0.7256586365453241,1.911512045181639
532.8444389737582,0.3626859286701493,0.7253718573361554,1.9119422139936957
526.0563717120165,0.3625427575109799,0.7250855150232801,1.91237172746574
545.2610652215632,0.3623998043108438,0.7247996086194485,1.912800587069708
501.6976302030978,0.3622570685865549,0.7245141371724929,1.913228794240952
513.78871393616,0.3621145498581867,0.7242290997150751,1.9136563504267383
528.3862246323225,0.361972247652434,0.7239444953099207,1.9140832570376451
521.5705049928702,0.3618301614899304,0.7236603229813664,1.914509515528703
507.82347967521173,0.361688290891776,0.7233765817817936,1.9149351273264303
507.4389450605117,0.3615466353912056,0.7230932707800927,1.9153600938287016
527.037818241016,0.361405194508263,0.722810389021832,1.9157844164699047
554.9867012038768,0.3612639677738345,0.7225279355539976,1.916208096672168
518.7059787182983,0.3611229547204634,0.7222459094423652,1.9166311358371717
531.1314420459445,0.3609821548733157,0.7219643097478731,1.9170535353788112
489.94346562374574,0.3608415677724239,0.7216831355452353,1.917475296682341
539.129843732801,0.3607011929487729,0.7214023858977844,1.9178964211534424
561.5437672616816,0.3605610299354971,0.7211220598707413,1.9183169101937616
519.7935460854034,0.3604210782771208,0.7208421565547809,1.9187367651680984
542.3450698080078,0.3602813375050648,0.7205626750085294,1.9191559874864053
550.780842118732,0.3601418071595187,0.7202836143186653,1.919574578521816
532.4806149039242,0.3600024867831934,0.7200049735651529,1.9199925396516535
542.6223070794762,0.3598633759172387,0.7197267518334941,1.9204098722492675
524.2943626395671,0.3597244741065232,0.7194489482177094,1.9208265776757676
546.8027020464272,0.3595857808945495,0.7191715617923917,1.9212426573130588
511.7446730779457,0.3594472958274117,0.7188945916582193,1.9216581125143688
526.6520033902677,0.3593090184516644,0.7186180369028328,1.9220729446455027
544.106401291472,0.3591709483187608,0.7183418966376695,1.9224871550435696
531.3036334463612,0.3590330849772266,0.7180661699562124,1.922900745066561
511.9578297378726,0.3588954279808289,0.7177908559588302,1.923313716060341
522.5230163782661,0.3587579768774524,0.7175159537556453,1.9237260693669025
521.138589972919,0.3586207312264751,0.7172414624491327,1.9241378063243924
508.5698738492386,0.3584836905785062,0.7169673811543702,1.9245489282671235
503.93715437613236,0.3583468544918206,0.7166937089825898,1.924959436525589
524.6424809166866,0.3582102225268448,0.7164204450550155,1.92536933241814
550.5629023760126,0.3580737942342619,0.7161475884646892,1.9257786173010487
540.2054554491923,0.3579375691856485,0.7158751383709754,1.9261872924433765
518.5435797056064,0.3578015469365149,0.7156030938696147,1.9265953591938705
534.4898125468462,0.3576657270486115,0.7153314540955785,1.92700281885581
548.9610008020995,0.3575301090871323,0.715060218175782,1.9274096727370853
546.2256700733234,0.357394692619045,0.7147893852390824,1.9278159221418727
502.52773978656614,0.3572594772109999,0.7145189544183607,1.9282215683706396
529.3932046216165,0.3571244624268997,0.7142489248529145,1.9286266127201857
526.7047440763833,0.3569896478401999,0.713979295684607,1.929031056475193
557.057037718185,0.3568550330150062,0.7137100660346261,1.929434900950368
554.0204608526342,0.3567206175323931,0.7134412350697695,1.9298381473978372
544.213079198765,0.3565864009542775,0.7131728019038033,1.930240797141919
524.768324373175,0.3564523828632385,0.7129047657262033,1.930642851410558
526.7051879325634,0.3563185628293669,0.7126371256581717,1.9310443115124607
543.3384805617017,0.3561849404314463,0.7123698808580108,1.9314451787105429
556.3387371802093,0.356051515243332,0.7121030304840807,1.9318454542725876
519.5137982668693,0.3559182868449781,0.711836573692209,1.9322451394628128
554.150142288161,0.3557852548146223,0.7115705096265217,1.932644235558856
578.448000404388,0.3556524187446135,0.7113048374884474,1.933042743766939
545.0802859040448,0.3555197781992307,0.7110395563921837,1.9334406654085852
539.7759795152548,0.3553873327832161,0.7107746655679243,1.9338380016488597
576.3354272746932,0.3552550820530883,0.7105101641104381,1.9342347538364737
545.0156052228295,0.3551230256179367,0.7102460512356286,1.9346309231464347
544.5868992028664,0.3549911630561511,0.7099823261084197,1.9350265108354288
505.04051716383,0.3548594939523595,0.7097189879079946,1.935421518139646
553.4938263410224,0.3547280179033937,0.709456035804841,1.9358159462917648
544.7352977923287,0.3545967344899153,0.7091934689718313,1.9362097965382532
536.0303140316328,0.3544656433143217,0.7089312866320665,1.936603070053612
557.9190426911267,0.3543347439652795,0.7086694879402266,1.9369957680944936
544.9717852056073,0.3542040360269667,0.7084080720586852,1.937387891914348
553.8333748191997,0.3540735191041332,0.7081470382184762,1.9377794426773904
545.97812502304,0.3539431927959663,0.7078863855909718,1.938170421613062
543.6436200707197,0.3538130566879883,0.7076261133816603,1.9385608299303516
553.9610424555561,0.353683110385063,0.7073662207628445,1.9389506688520928
535.4599830201256,0.3535533534920685,0.7071067069963272,1.9393399395116044
540.7525410372401,0.3534237855986957,0.7068475711900265,1.9397286432112777
551.4562423174618,0.3532944063064788,0.7065888126157355,1.9401167810777855
548.1498450525404,0.3531652152265603,0.7063304304527296,1.94050435432071
544.4054065147462,0.3530362119524723,0.7060724239011043,1.9408913641464236
537.7045597578079,0.352907396102019,0.7058147922092324,1.9412778116887488
548.7236764010773,0.3527787672701233,0.7055575345303876,1.9416636981994893
551.2503474225141,0.3526503250690537,0.7053006501423594,1.9420490247885869
540.0777008980821,0.3525220691055859,0.7050441382103706,1.9424337926840436
547.6305952272498,0.3523939989861025,0.7047879979725529,1.9428180030413449
531.140583520615,0.3522661143234606,0.7045322286464863,1.943201657030053
550.3809817729261,0.3521384147279085,0.7042768294555518,1.94358475581654
547.1768698314141,0.3520108998095682,0.7040217996264542,1.9439673005639777
534.0096187310698,0.3518835691873224,0.7037671383803084,1.944349292432369
553.8638961542921,0.3517564224747546,0.7035128449467499,1.9447307325784955
572.9512650933618,0.3516294592836377,0.7032589185777918,1.9451116221385705
558.0860191481804,0.3515026792334104,0.7030053584685647,1.945491962298025
551.3846910006926,0.3513760819285936,0.7027521638670834,1.945871754204323
561.2451820329416,0.3512496670111,0.7024993340222749,1.946250998966625
549.6772870078394,0.3511234340805109,0.7022468681583299,1.946629697761159
567.3527997418062,0.350997382775796,0.701994765550944,1.94700785167326
553.7534896971823,0.3508715126992054,0.7017430253926912,1.9473854619081032
560.3885326146401,0.3507458234908887,0.7014916469818713,1.94776252952724
566.4522071374613,0.3506203147632076,0.7012406295246235,1.9481390557121687
525.9505642206109,0.3504949861462154,0.7009899723003901,1.9485150415533947
544.6111908543593,0.3503698372590117,0.7007396745145442,1.948890488226444
570.1781622017379,0.3502448677380129,0.7004897354816009,1.949265396780386
554.1101909845248,0.3501200771999801,0.7002401543975829,1.9496397684024367
539.2843694889941,0.3499954652813474,0.6999909305655069,1.9500136041531453
542.7666728481853,0.3498710316106579,0.6997420632109,1.950386905178442
563.4803396731826,0.3497467758233539,0.6994935516438833,1.9507596725327627
552.6801219359888,0.3496226975385439,0.699245395087659,1.951131907373797
556.3852248793643,0.3494987964046066,0.6989975928100056,1.951503610785388
562.2170284649068,0.3493750720479232,0.6987501440858213,1.951874783866256
555.5844645689738,0.3492515240961997,0.6985030481918859,1.9522454277119143
552.6141231234934,0.3491281521953295,0.6982563043895329,1.952615543415137
555.4546366833706,0.3490049559817482,0.6980099119526258,1.952985132065626
562.6213507339852,0.3488819350826225,0.6977638701669381,1.9533541947504396
546.7949961304657,0.3487590891481503,0.6975181782986379,1.953722732553212
542.2181031544471,0.3486364178180497,0.6972728356446309,1.9540907465373196
548.7056897175805,0.3485139207203955,0.697027841445208,1.9544582378343964
552.5075609000783,0.3483915975146188,0.6967831950369365,1.954825207448445
543.3421532627306,0.3482694478243276,0.6965388956530507,1.9551916565226213
555.779184600615,0.3481474713117048,0.6962949426147365,1.9555575860735588
549.8923502913659,0.3480256676042456,0.6960513352104597,1.9559229971852947
552.4908140053014,0.3479040363602735,0.6958080727179433,1.9562878909217831
562.2052195755913,0.3477825772220594,0.6955651544340183,1.9566522683439225
553.3681047208038,0.3476612898257801,0.6953225796642578,1.957016130509962
563.6243691491923,0.3475401738404164,0.6950803476848192,1.957379478474765
546.3102382584007,0.3474192289018719,0.6948384578069016,1.9577423132912264
542.0131966224388,0.3472984546625297,0.6945969093285868,1.958104636008884
576.8167458076123,0.3471778507769408,0.6943557015483134,1.9584664476747455
569.3227695335049,0.3470574168953744,0.6941148337721048,1.9588277493325208
555.2389408966914,0.3469371526587502,0.693874305317322,1.959188542023928
557.6075175841653,0.3468170577360075,0.6936341154765968,1.959548826787396
572.8062351582918,0.3466971317814554,0.6933942635598128,1.959908604658732
549.5400986963509,0.3465773744436967,0.6931547488853067,1.960267876670997
562.1908050785364,0.3464577853892894,0.692915570792627,1.9606266438180835
565.386067847188,0.3463383642624263,0.6926767285364575,1.9609849072011163
572.8784993514886,0.3462191107280782,0.6924382214654368,1.961342667806485
560.1088689874719,0.3461000244323408,0.6922000488727915,1.961699926694868
562.0673292596807,0.3459811050642375,0.6919622101235284,1.962056684812234
546.2320689814487,0.3458623522616007,0.6917247045265339,1.962412943211865
570.4842314942042,0.345743765698738,0.6914875313937597,1.962768702907502
565.4483949790974,0.3456253450290268,0.6912506900599262,1.963123964911047
583.2006525206872,0.3455070899237138,0.6910141798453928,1.9634787302308931
563.2313984648412,0.345389000041867,0.6907780000848676,1.963832999873265
543.907199826958,0.3452710750528755,0.6905421501055077,1.9641867748416169
577.2996875949052,0.345153314622351,0.6903066292407728,1.964540056136876
566.9103161966663,0.3450357184160682,0.6900714368270348,1.964892844756897
575.8013643191183,0.3449182861041795,0.6898365721981337,1.9652451416976864
562.796333131596,0.3448010173450033,0.6896020347032349,1.9655969479517617
565.7236396308947,0.3446839118296697,0.6893678236605297,1.9659482645098003
571.8592476964499,0.3445669692154768,0.6891339384250778,1.9662990923594452
574.7310066965605,0.3444501891661676,0.6889003783478599,1.9666494324859725
597.69230533149,0.344333571379652,0.6886671427488843,1.966999285871464
556.9234753502444,0.3442171155020172,0.6884342310011627,1.96734865349682
555.8564060358606,0.344100821227287,0.6882016424337788,1.967697536338934
570.1634456538309,0.3439846882012783,0.6879693764262571,1.9680459353724644
578.2094707840007,0.3438687161427002,0.6877374322868374,1.9683938515704624
571.9638275596558,0.3437529046998692,0.6875058093978673,1.9687412859022635
552.5105759628482,0.34363725354938,0.6872745071153268,1.969088239335293
572.096783176207,0.3435217624001752,0.6870435248021255,1.9694347127976992
582.956317321154,0.3434064308821428,0.6868128617562311,1.969780707361626
564.6970360132444,0.3432912587020485,0.6865825174208995,1.970126223877052
578.171505395288,0.3431762455602316,0.6863524911020987,1.9704712633376693
582.6166501317433,0.3430613911109086,0.6861227822282518,1.9708158266608395
551.4251145062077,0.3429466950304271,0.6858933900582517,1.9711599149113213
566.4659722825496,0.3428321570158604,0.6856643140577284,1.9715035289264111
558.5396207218207,0.342717776769971,0.6854355535386525,1.9718466696913763
575.4185804252277,0.342603553949008,0.6852071079117292,1.9721893381392628
561.1215452048502,0.3424894882544275,0.6849789764987348,1.9725315352468376
579.4204433764643,0.3423755793623443,0.6847511587176837,1.972873261919972
571.9190630490297,0.342261826962809,0.6845236539295532,1.9732145191076376
545.5937137115876,0.3421482307514293,0.6842964615035718,1.9735553077449988
569.6155161701411,0.3420347904172122,0.6840695808179004,1.973895628764888
562.935478357565,0.3419215056318391,0.6838430112707725,1.9742354830973885
578.8106465698896,0.3418083761128471,0.6836167522164582,1.9745748716706943
579.8694392019847,0.3416954015271272,0.683390803062521,1.974913795410352
578.278454508066,0.3415825815848449,0.6831651631758893,1.975252255239266
581.4932496796413,0.341469915975401,0.6829398319461258,1.9755902520784727
596.7813022800506,0.341357404386638,0.682714808767062,1.9759277868463
603.8449975891717,0.3412450465143979,0.6824900930268052,1.976264860458797
555.1727144840422,0.3411328420594509,0.6822656841108924,1.976601473829657
557.496477338374,0.3410207907136681,0.6820415814161056,1.9769376278702264
572.6280708653859,0.3409088921698478,0.681817784340639,1.977273323489513
559.487840123084,0.3407971461365349,0.6815942922692535,1.977608561594212
592.3639556531258,0.340685552303616,0.6813711046077017,1.9779433430886824
574.6856884008178,0.3405741103779155,0.6811482207356262,1.9782776688864585
599.393867268279,0.3404628200536183,0.6809256400938484,1.9786115398525332
594.1422181809979,0.340351681022245,0.6807033620589706,1.9789449569187845
611.9048577857877,0.3402406930070769,0.6804813860232098,1.9792779209697131
586.7149146504856,0.340129855693898,0.680259711409004,1.9796104328970976
591.1674031755989,0.3400191687957449,0.6800383376125547,1.9799424935917005
560.8766533880492,0.3399086320171171,0.6798172640403817,1.9802741039425007
592.147796291067,0.339798245058697,0.6795964901064675,1.9806052648348356
595.2669998997449,0.3396880076226634,0.6793760152248131,1.980935977152524
579.3772555521222,0.3395779194074148,0.6791558388037452,1.98126624178884
603.0376967635732,0.3394679801389217,0.6789359602640445,1.9815960595970337
594.5500179551893,0.3393581895071881,0.6787163790308911,1.9819254314619208
573.6289372618172,0.339248547243816,0.6784970944822601,1.982254358273924
582.6204823620143,0.3391390530355396,0.6782781060442512,1.9825828409202093
593.5183566487634,0.3390297066063094,0.6780594131938059,1.9829108801998847
583.8487205919007,0.3389205076498175,0.6778410152978752,1.983238477052307
597.7688470695856,0.3388114558963822,0.677622911783959,1.983565632319659
564.6332287882008,0.338702551048394,0.6774051020863163,1.9838923468652896
602.1713556211328,0.3385937928091426,0.6771875856389907,1.984218621551867
563.4988039282555,0.3384851809129854,0.6769703618491396,1.9845444572378748
587.1562754291141,0.3383767150746218,0.676753430145292,1.984869854780086
574.5329171521672,0.3382683949874238,0.6765367899782861,1.98519481503429
605.7447513102071,0.3381602203899139,0.6763204407567652,1.985519338853321
610.5490829912768,0.3380521909738087,0.6761043819626302,1.9858434270635608
605.2622496807536,0.3379443064634326,0.6758886129515842,1.9861670805849831
577.6792623331971,0.3378365665973369,0.6756731331856595,1.986490300217004
580.3131658304072,0.3377289710818661,0.6754579421625507,1.986813086755583
577.5708003298204,0.3376215196301847,0.6752430392311024,1.987135441138713
584.141913819805,0.3375142119573459,0.6750284239326508,1.9874573641100035
599.6739390323617,0.337407047804778,0.67481409563821,1.987778856557012
596.1102270813059,0.337300026874706,0.6746000537640517,1.988099919361242
580.0786212823164,0.3371931489190919,0.6743862977949315,1.9884205532859769
577.1725013047876,0.3370864136106645,0.6741728272035279,1.988740759185808
592.9640772561846,0.3369798206968869,0.6739596413880914,1.9890605379150217
587.9627687096522,0.3368733699215012,0.6737467398497853,1.9893798902287132
595.955305519803,0.3367670610050048,0.6735341219709271,1.989698817024068
594.1295342853067,0.3366608936305648,0.6733217872691678,1.9900173191002677
579.7647570016009,0.3365548675796708,0.6731097351419139,1.9903353972784152
610.2965404740485,0.3364489825333237,0.6728979650876561,1.99065305237902
563.3610656392012,0.3363432382580328,0.6726864765242558,1.9909702852177111
587.0910893451219,0.3362376344731971,0.6724752689169098,1.991287096609893
564.0334548006753,0.3361321708765663,0.6722643417551175,1.9916034873683164
608.2874357252681,0.3360268472367676,0.6720536944585629,1.991919458304669
589.4841990400761,0.335921663251004,0.6718433265224212,1.992235010226575
590.1937661673753,0.3358166186857725,0.6716332373468752,1.9925501439673523
602.7525894304699,0.3357117132480186,0.6714234264946526,1.992864860257329
593.430735542706,0.3356069466768365,0.6712138933503562,1.9931791599728077
582.662158398943,0.3355023186865413,0.6710046374230718,1.9934930438903868
595.743542760097,0.3353978290576321,0.6707956581333938,1.993806512808974
575.4790324304417,0.3352934774837349,0.6705869549905754,1.9941195675256893
585.2567096149074,0.3351892637285955,0.6703785274365438,1.9944322088348605
608.479209619336,0.3350851874824744,0.6701703749874768,1.9947444375300487
595.8276151904531,0.3349812485326355,0.6699624970653258,1.9950562544020385
606.6227753188934,0.3348774465963423,0.6697548931636197,1.995367660240038
602.2315265951244,0.3347737813824133,0.6695475627870467,1.99567865583054
582.2226003841383,0.3346702526815686,0.6693405053347096,1.9959892419837215
610.2025293744565,0.3345668602082271,0.669133720382725,1.996299419409048
569.2301488823973,0.3344636036861564,0.6689272073769374,1.9966091889369064
571.5691033081313,0.3343604828721331,0.6687209657327784,1.9969185513950884
586.2402084066997,0.3342574975032388,0.6685149950088244,1.9972275074879369
591.1851518280758,0.3341546473362995,0.6683092946483047,1.997536058015396
597.5561302443232,0.3340519320943927,0.6681038641549898,1.9978442037506172
603.5194072025117,0.3339493515054567,0.6678987030293355,1.998151945465208
581.6236017650655,0.3338469053512745,0.6676938107195164,1.998459283929209
593.1865042232424,0.3337445933665841,0.6674891867231768,1.998766219910239
599.4362934060098,0.3336424152712798,0.6672848305545261,1.9990727541741944
580.4651613668583,0.3335403708344933,0.6670807416804239,1.9993788874850829
